0.425518402818378,0.24882934016233,0.550705432891846,9.06433647642746,7.65124102311828,-0.023525327555888,4.32676468646053,-13.0814974865714,0.378781940965152,1.74581508256696E-08
14.7598023583482,10.5102241855366,0.24388587474823,0.520240059162945,12.456338292388,-5.52091615137682,-4.04138883252544,-12.5000305807674,6.28877530167688,-4.36024990514825E-08
0.0561602077470122,0.378059200982314,0.507059335708618,3.56277517359924,-1.13080706709537,-2.54685054525941,-2.31961554024741,-0.607172455107408,-3.01021961440595,6.73231194430557E-05

0.0302667523017181,-0.0978390472152224,2.05441722370032,0.0287078917203656,0.00121759089278638
-2.90700917002433,-2.27573948215235,-1.26790816980824,-4.89298618022593,1.65848450166014E-09
-6.97342187290844,-12.4962040713478,-0.163269811483614,6.32122727961475,3.82264219441255E-12

0.425518402818378,0.725564261167934,0.550705432891846,9.20348763311776,7.78021815807652,0.437772577990166,4.65182760770132,-12.7969945432409,0.855516861970778,-4.89275998947633E-08
14.7598023583482,11.0581719694307,0.24388587474823,1.01752630107336,12.4866944859654,-4.92630631177128,-3.88440825293957,-12.073067901952,6.83672308556663,5.39623957458048E-10
0.0561602077470122,-0.847531438635097,0.507059335708618,4.85707289106098,0.401614880046703,-3.69446406278001,-2.44715984071747,-2.98649660488041,-4.23581025402344,-1.28363925123613E-08

0.00461624187841834,-0.392383526529701,1.94012955291923,0.382428602207896,-0.000303672062998358
-2.91000677132877,-2.30463435620599,-1.26814756872759,-4.92217302325767,1.93355780767352E-09
-7.09542682225998,-12.63734455161,-0.165253451751818,6.06841879846939,2.25734830974286E-12

0.425518402818378,0.942255287385366,0.550705432891846,9.26159673311864,7.80714500184327,0.531146925000389,4.7875753387479,-12.6399031288306,1.07220788818817,-2.73835117891102E-09
14.7598023583482,11.7024055013742,0.24388587474823,-0.569121530837461,12.6573644544126,-4.1921110827416,-4.907281642043,-11.6552572834812,7.48095661751505,1.10710173660799E-07
0.0561602077470122,-1.35039574821173,0.507059335708618,4.50237396271981,-0.0143283451837596,-3.69380702838514,-2.43895402846979,-3.00083717154854,-4.73867456360018,-2.39947084737339E-07

0.0235784422773954,-1.22512796362718,1.62518544187155,1.1992896275808,-0.000962336047185907
-2.91221876192768,-2.33203271168862,-1.26816532294902,-4.95027186633015,1.3977438234065E-09
-7.09795433199198,-12.7970367393733,-0.165277971078899,5.89114078697649,6.88929193064933E-13

-9.30325489930994,3.69359610109574,0.0692631006240845,2.63351480717899,5.11773459320226,0.874637101247936,-5.1335667862255,2.9731697271124,4.16310010591456,1.76136954516151E-10
-10.3964792915659,8.85224665466879,0.803724765777588,3.57898615737748,14.6803906009931,-1.04892970915165,-10.2668432465241,0.71917568292571,10.6805274144841,-4.52620141623956E-15
-20.7403446919592,7.32310851418223,0.677341222763062,4.66985815688291,13.9874151543015,0.781693870811034,-10.3810454580395,4.86693479081991,12.2965159162683,-1.21307781266338E-17

0.0636480927807063,-0.0668803437194129,-0.0177263428838438,0.0268355750328728,0.000432093395366429
-1.54268436381666,-2.72950066059945,-1.66004299555537,-3.99783911980495,2.3702721416372E-09
-6.29258223560128,-12.6805412956755,-14.4893410338957,11.1166184560776,3.8965422976381E-20

0.635227316474293,1.02409335988181,-0.158966660499573,-3.69876386308503,11.4565118529921,9.23892916713777,-6.70968567636729,-7.93387695845978,1.0067251908509,-6.39112095808492E-06
0.743896487921932,-0.327929138066872,-0.153338551521301,5.5790636500612,-0.560425565372788,-3.21318208861423,1.23720636974696,0.628262425459213,-4.07350921302467,-2.52523298093705E-06
1.97629351493462,-3.84223807541956,0.410975188016891,8.75260334659908,14.2563195264069,-12.6870242245168,12.9946476473535,-1.44771077216775,-0.520947439527272,2.18894635040444E-08

0.0896328440415394,0.543907186997787,-0.0954071518541152,-0.122715588095638,-0.00224332339765654
-3.51942936337975,-0.862735802890582,-1.81077974751472,-5.41990771436065,2.15664209249948E-08
-10.0052343385662,-1.27765761507794,-11.2181948490942,0.940676986602818,2.55999835083832E-08

-1.83736365140755,6.69230336001506,-3.00969722176906,-18.2619358863955,8.92624445014332,9.24089727010291,-5.36367867302476,-7.96821415046864,10.6401986611408,-5.84366538381749E-16
6.44053204883964,7.40063787110529,8.5082430881452,9.80494326853399,-15.8542165806817,-3.21226858254821,3.03659593979528,-2.76369062341516,-7.56502180076535,-6.12457323988195E-10
2.08690572276351,-4.40447475093618,0.429146260600498,6.7430079077404,12.7782953849767,-14.2508589624616,14.1229827123939,-0.0406950690287666,-0.936171020275361,-4.54459371872916E-06

0.0935978662097899,0.0834024980356067,0.0875467708443664,-0.166706487374711,-0.00300229229998856
-3.52445099732372,-0.923920557627853,-2.00598374882026,-5.61700562538388,2.22894150170674E-10
-15.6551228286196,-10.6410921959126,-2.25645311852324,8.44342623245547,6.46302060405289E-09

-0.895577912036057,-0.255759977365698,0.984505891799927,0.752412292569749,-0.087722800302048,1.02739450201767,1.35168828242679,-0.0806833396886779,1.70326333051682,2.0694812517574E-06
-0.943489878002815,1.26252313096346,-0.476438641548157,1.40193507313309,1.34970828352758,1.6865765024359,-0.236995172836639,0.20411884659489,0.345903655011948,-7.07728214068097E-07
0.058351468574071,1.56710386575982,-0.103458285331726,1.73029898006767,0.553309853762218,-0.438087477313359,-0.313461280264788,-0.328579624459866,0.480258681276111,6.10962846873328E-06

-0.480767874434799,0.725463635281538,-0.892742034543752,0.608299694016643,-0.000209894302307563
-2.15951343680057,-0.855820088109503,-2.51176020773867,-2.94863470938176,5.67999197016611E-08
-3.25768006273471,-1.40401823581591,-2.1289890878043,-1.81681630342376,4.47658898615753E-08

-0.895577912036057,-0.169091318107032,0.984505891799927,-1.56631771153513,0.838895137766546,1.76959547834456,0.971804532010857,-0.358925180512565,1.78993198977549,1.76474068348923E-05
-0.943489878002815,1.03770157936492,-0.476438641548157,0.59211955023018,0.781999531950564,0.769842077063561,0.170218802098105,-0.60628997782194,0.121082103413424,-0.000107342463634096
0.058351468574071,1.73090376877573,-0.103458285331726,0.907602866400693,0.930836339892573,-0.727500722557468,-1.84057471180698,0.411948766752209,0.644058584291965,0.000162922529306266

-1.04403191163605,1.10370445695562,-1.01427920895705,0.838409834436427,-0.00088159106607205
-2.28451828563829,-0.979008201136245,-2.63511397640789,-3.08926612319606,7.72252281647343E-08
-3.38577997599048,-1.53307606601782,-2.26216316872103,-1.96603501897575,5.64129843283947E-08

-7.00214075554118,0.476283055667147,0.984505891799927,2.77574255210688,-0.325786732427382,-1.54198074143304,4.99698358303903,-2.41832686146038,-1.2003501320371,6.79329039639812E-05
-6.48181366799873,8.60715833133056,-0.476438641548157,-0.0031533651585414,-3.00663444066691,-0.883067715543021,1.943631146924,5.95160768979032,3.76471635220018,-1.06809067694875E-09
-8.29464301389483,9.47060582487909,-0.103458285331726,3.42434783626561,-4.98867792218642,-2.0588434193782,0.101152685586862,8.24212541368445,4.4170206385323,8.44502413906012E-10

-0.337192959461733,1.97359740468945,-1.66479638981909,-0.230870262895158,-0.0010140225216096
-2.42544479949656,-1.16574102842042,-2.82527279472813,-3.5621195855711,7.28618018919815E-08
-5.40904176123579,-9.99085260872704,-13.2778386116585,10.8769609012919,8.9297657545568E-13

-0.920779865530284,0.427787607410695,0.490365713834763,7.60330146277597,1.96528651777395,-2.1331962228729,5.89021428920209,0.0569851214315339,0.430497767728555,0.000104663989101378
-0.942625099609328,0.0878090400244608,-0.821435451507568,3.31407609522751,-3.57766816094343,-2.23290338749387,-1.76838080659691,-1.4240960667412,-1.72990300555645,-3.88470362819883E-06
-0.562096215133271,-0.527566254209377,0.999958276748657,6.81628263191615,1.5778386985917,-0.239101811376783,12.0082393312291,-0.941101117849346,-0.718816715947533,-1.34145583522102E-05

-1.5829811981483,1.90706718788473,1.50216502229523,-0.0335312932870669,-0.00104185065543492
-2.14249936254531,-2.07003355448507,-2.30304652003193,-3.72013288235587,1.11549478758041E-07
-8.48977208782746,-0.319063607619483,-13.8670189040162,9.06612188515208,1.15266631539668E-11

-0.828103979407649,1.18476890931135,0.483027954738484,7.73912920726434,2.20762095858514,-1.45726502611383,6.33693425539298,0.668330562776338,1.32166786002629,-4.85300945476099E-09
-1.12435323403786,-0.268531450272402,-1.08511664488318,3.08298621255022,-3.59551581943856,-1.84521145818017,-1.51303904362863,-2.11118350182181,-2.65955319076402,1.61829145652876E-05
-0.568217158572428,-0.206781595825519,0.954440676425273,6.96967558917915,1.12888090354553,0.258187876608266,11.3930493283195,-0.610831970557057,-0.631292813048299,9.52592417414446E-09

-0.945425587401628,1.27180790295754,0.836641282008928,0.118813761912552,0.00142350085513957
-2.19871489870422,-2.07057234070758,-2.35815207325588,-3.77686713305117,5.55779912256894E-08
-8.50460058235246,-0.31906306661534,-13.8769575129599,9.02042451370711,2.46767647740536E-12

-0.870117571446483,1.14886604805098,0.417630393878883,7.71357533979497,2.15472457001326,-1.46236398351728,6.30950395979601,0.612915598949897,1.20863428919903,9.36034517041351E-07
-1.10242641310535,-0.764133462722232,-1.17467656785972,2.58542574108145,-3.5432179270907,-1.95795608651047,-1.66212113777458,-2.51934041121317,-3.10492797528958,-1.4362165725874E-07
-0.506829978347263,0.168707051107925,1.01848301160007,7.12938178349083,1.4661987310449,0.258443917889417,11.4207261260403,-0.504620316711854,-0.145392768016863,2.28939946949004E-07

-0.508500248363143,0.834999981784629,-0.213706531353163,0.706369395849431,-0.000666610223562015
-2.2387063185169,-2.07071954641423,-2.39794915343955,-3.81690217270838,4.62732760722619E-08
-8.49907764062749,-0.319014218560299,-13.8714858822764,9.02595328722078,2.81062116004647E-12

2.91555922714009,-1.86445684305257,-2.39488660254145,15.7070670092233,1.73042649805383,2.14540055773037,-1.01899380478783,-4.89189609976735,-4.13937732542412,5.21816013998556E-09
2.75607559360955,-0.439367471638556,2.0008661493906,-22.4953469349825,4.79421648212194,0.837221597250609,9.98215241082716,-11.69801285716,10.7904806306915,1.47177468220508E-08
-2.59586303732572,1.86902898439892,-1.26132679203803,-1.49475181269702,9.44725763392153,3.47462156447577,-10.1450583148632,-2.00172841875847,5.83368985907859,-6.30661955574696E-09

0.153054088617827,0.0248195827248636,-0.0365080662677022,-0.102773645312679,0.000895389470896918
-2.81844565280356,-1.50364681598422,-1.35272512774659,-4.32540457946051,4.16058335800657E-08
-8.13304841020743,-15.0557364326558,-10.4393722164818,6.9037936875113,7.21228381982264E-11

1.82600578891864,-3.32405545975923,-2.39488660254145,14.806103687464,0.660395293630463,2.52279171825817,0.703658948505033,-6.28080521176333,-7.43451538165539,-5.44127268161455E-09
2.90621482879771,-0.887428676093458,2.0008661493906,-22.0602204787977,5.38079399231312,-0.660414926714072,9.60421949847871,-12.568959324008,10.6262772335998,6.18034717537695E-06
-1.98409275787719,0.0689998784241012,-1.26132679203803,0.592257204912355,10.5546666228447,3.302655762418,-9.96905729334365,-3.25939937886983,5.34928564631772,2.98413261061872E-05

-0.383896587018572,0.0332723750786885,0.487465254534703,-0.499578303591009,0.000813313947557068
-2.83158976777119,-1.62482968471238,-1.86321505291837,-4.90122236636358,5.23572142845837E-07
-8.19091482164751,-15.0598761607004,-11.9848147907851,5.33110623475958,1.24109443611345E-10

